Iter Gbest GbestRate[%] IterBestFit normSwarmRadius |gbest-mean(pbest)|/mean(pbest)[%] 
1   5.7751488E+00  100.000   5.7751488E+00   3.0181775E-01   96.419  
2   5.7751488E+00    0.000   5.8862707E+00   3.0737126E-01   93.604  
3   5.7751488E+00    0.000   8.3865610E+00   3.4861006E-01   91.069  
4   5.7751488E+00    0.000   8.7259130E+00   3.1505469E-01   88.929  
5   2.6951762E+00   53.331   2.6951762E+00   2.4629071E-01   94.070  
6   2.6951762E+00    0.000   3.4276340E+00   2.4177279E-01   92.869  
7   2.6951762E+00    0.000   4.6772226E+00   1.8315536E-01   92.141  
8   2.6951762E+00    0.000   3.2242765E+00   1.7628604E-01   90.941  
9   2.6951762E+00    0.000   3.4564939E+00   1.7905313E-01   89.384  
10   2.6496924E+00    1.688   2.6496924E+00   3.5446788E-01   88.766  
11   2.6496924E+00    0.000   3.2731428E+00   3.2597554E-01   81.494  
12   2.6496924E+00    0.000   3.2828521E+00   3.2054342E-01   68.530  
13   2.6496924E+00    0.000   3.2847296E+00   2.5247325E-01   56.235  
14   2.6496924E+00    0.000   3.4497823E+00   2.2513960E-01   52.194  
15   2.6496924E+00    0.000   3.3105241E+00   1.8690117E-01   50.358  
16   2.6496924E+00    0.000   3.0092509E+00   2.0079801E-01   49.045  
17   2.6496924E+00    0.000   3.0263573E+00   1.8287567E-01   46.451  
18   2.6496924E+00    0.000   3.1239183E+00   1.6968894E-01   41.328  
19   2.5718186E+00    2.939   2.5718186E+00   1.8398812E-01   42.179  
20   2.5718186E+00    0.000   3.2763832E+00   1.6847387E-01   40.578  
21   2.5718186E+00    0.000   2.7557688E+00   1.5488288E-01   38.937  
22   2.5718186E+00    0.000   2.9417763E+00   1.3938982E-01   38.579  
23   2.5718186E+00    0.000   2.6884920E+00   1.3483820E-01   36.313  
24   2.5718186E+00    0.000   2.6239690E+00   1.2662673E-01   34.860  
25   2.2999327E+00   10.572   2.2999327E+00   3.4049843E-01   40.929  
26   2.2999327E+00    0.000   2.6234468E+00   3.5918061E-01   40.101  
27   2.2999327E+00    0.000   2.8609026E+00   3.6869820E-01   38.004  
28   2.2999327E+00    0.000   2.6711899E+00   3.7401459E-01   37.509  
29   2.2999327E+00    0.000   2.6435084E+00   3.5796160E-01   36.955  
30   2.2999327E+00    0.000   2.5357152E+00   3.5519656E-01   36.341  
31   2.2999327E+00    0.000   2.4932386E+00   3.5705785E-01   32.208  
32   2.2999327E+00    0.000   2.6093019E+00   3.5534864E-01   32.137  
33   2.2999327E+00    0.000   2.6891958E+00   3.4924574E-01   32.054  
34   2.2999327E+00    0.000   2.5165670E+00   3.5088527E-01   31.534  
35   2.2999327E+00    0.000   2.5589089E+00   2.9980419E-01   30.651  
36   2.2999327E+00    0.000   2.6326017E+00   2.8157297E-01   29.942  
37   2.2999327E+00    0.000   2.6725712E+00   2.8214911E-01   29.915  
38   2.2999327E+00    0.000   2.3197591E+00   2.8578514E-01   29.820  
39   2.2999327E+00    0.000   2.6219217E+00   2.7288033E-01   29.221  
40   2.2999327E+00    0.000   2.6198176E+00   2.3620323E-01   29.172  
41   2.2999327E+00    0.000   2.5988021E+00   2.1331907E-01   29.071  
42   2.2999327E+00    0.000   2.5873603E+00   2.0971333E-01   28.414  
43   2.2999327E+00    0.000   2.7370618E+00   2.0272787E-01   27.865  
44   2.2999327E+00    0.000   2.5883969E+00   1.8611082E-01   27.733  
45   2.2999327E+00    0.000   2.4683741E+00   1.8351932E-01   27.706  
46   2.2999327E+00    0.000   2.3612960E+00   1.8184898E-01   27.420  
47   1.2702607E+00   44.770   1.2702607E+00   2.0631681E-01   59.373  
48   1.0731899E+00   15.514   1.0731899E+00   2.0541108E-01   65.011  
49   1.0731899E+00    0.000   1.2337124E+00   2.1829906E-01   64.759  
50   1.0731899E+00    0.000   1.3933912E+00   1.9540814E-01   64.263  
51   6.6931536E-01   37.633   6.6931536E-01   2.1567613E-01   77.453  
52   6.6931536E-01    0.000   9.2426993E-01   1.9705541E-01   76.381  
53   6.6931536E-01    0.000   1.3580195E+00   2.0505987E-01   76.379  
54   6.6931536E-01    0.000   1.2081557E+00   2.0937609E-01   76.265  
55   6.6931536E-01    0.000   9.1127328E-01   2.1782514E-01   74.900  
56   5.9464165E-01   11.157   5.9464165E-01   2.0425588E-01   77.282  
57   5.9464165E-01    0.000   8.2677930E-01   1.8116565E-01   77.280  
58   5.9464165E-01    0.000   8.5360807E-01   1.8274103E-01   77.150  
59   5.9464165E-01    0.000   7.8333848E-01   1.6445206E-01   77.020  
60   5.9464165E-01    0.000   7.6760089E-01   1.7551198E-01   76.863  
61   5.9464165E-01    0.000   6.9343963E-01   1.8287878E-01   76.288  
62   5.8995538E-01    0.788   5.8995538E-01   1.7760676E-01   76.000  
63   5.8995538E-01    0.000   6.6902335E-01   1.6682293E-01   75.972  
64   5.8995538E-01    0.000   6.8420348E-01   1.5172108E-01   75.583  
65   5.8995538E-01    0.000   6.3174981E-01   1.3946400E-01   74.897  
66   5.8995538E-01    0.000   6.1137789E-01   1.3823660E-01   74.746  
67   4.4936652E-01   23.830   4.4936652E-01   1.1382565E-01   80.257  
68   4.4936652E-01    0.000   5.1117697E-01   1.2793060E-01   79.914  
69   4.3933048E-01    2.233   4.3933048E-01   1.3193321E-01   79.967  
70   4.0100104E-01    8.725   4.0100104E-01   1.5516241E-01   81.656  
71   3.7055326E-01    7.593   3.7055326E-01   1.3136974E-01   82.817  
72   3.5806921E-01    3.369   3.5806921E-01   1.1308675E-01   82.958  
73   3.5806921E-01    0.000   3.5845641E-01   1.0125165E-01   82.035  
74   3.5806921E-01    0.000   4.2861078E-01   1.2759459E-01   81.528  
75   3.5806921E-01    0.000   4.2861078E-01   1.2744474E-01   80.878  
76   3.5806921E-01    0.000   3.6795092E-01   1.0773246E-01   80.869  
77   3.5171703E-01    1.774   3.5171703E-01   1.2362931E-01   81.020  
78   3.5149598E-01    0.063   3.5149598E-01   1.1543691E-01   80.796  
79   3.2947385E-01    6.265   3.2947385E-01   1.2620849E-01   81.907  
80   3.2947385E-01    0.000   3.5495295E-01   8.4579797E-02   81.649  
81   3.2947385E-01    0.000   3.4609198E-01   6.5158019E-02   81.418  
82   3.2947385E-01    0.000   3.3390089E-01   4.9333296E-02   81.160  
83   3.2947385E-01    0.000   3.6539009E-01   4.7966393E-02   80.357  
84   3.2947385E-01    0.000   3.2947385E-01   5.0820864E-02   79.856  
85   3.2947385E-01    0.000   3.2947385E-01   5.9689931E-02   79.582  
86   3.2947385E-01    0.000   3.2947385E-01   6.8320783E-02   79.509  
87   3.2947385E-01    0.000   3.2947385E-01   6.5927671E-02   79.347  
88   3.2947385E-01    0.000   3.2947385E-01   5.7843049E-02   78.913  
89   3.2947385E-01    0.000   3.3465340E-01   3.8092143E-02   78.804  
90   3.1283409E-01    5.050   3.1283409E-01   2.3250986E-02   79.642  
91   3.1283409E-01    0.000   3.2716220E-01   2.5751034E-02   79.567  
92   3.1283409E-01    0.000   3.2947385E-01   2.9000005E-02   79.563  
93   3.0147233E-01    3.632   3.0147233E-01   2.7129697E-02   80.209  
94   3.0147233E-01    0.000   3.0493425E-01   3.6073333E-02   80.140  
95   2.9612893E-01    1.772   2.9612893E-01   4.2520006E-02   80.006  
96   2.7386953E-01    7.517   2.7386953E-01   3.8161286E-02   81.454  
97   2.7386953E-01    0.000   3.2575968E-01   2.6946115E-02   81.066  
98   2.7386953E-01    0.000   3.2947385E-01   1.4953537E-02   80.706  
99   2.7386953E-01    0.000   2.9710308E-01   1.1983700E-02   80.455  
100   2.7386953E-01    0.000   3.0212324E-01   1.3810546E-02   80.284  
101   2.7386953E-01    0.000   3.0061177E-01   8.5841535E-03   80.072  
102   2.7386953E-01    0.000   2.9888734E-01   1.0501100E-02   79.816  
103   2.7386953E-01    0.000   2.8279626E-01   1.1797483E-02   79.627  
104   2.7386953E-01    0.000   2.8497698E-01   1.2570376E-02   79.603  
105   2.7386953E-01    0.000   2.8697786E-01   1.1861165E-02   79.482  
106   2.7386953E-01    0.000   2.8251088E-01   1.1425474E-02   79.349  
107   2.7386953E-01    0.000   2.8279626E-01   9.5876721E-03   79.298  
108   2.7220145E-01    0.609   2.7220145E-01   8.3919794E-03   79.378  
109   2.7220145E-01    0.000   2.7386953E-01   8.9693448E-03   79.345  
110   2.7220145E-01    0.000   2.7220145E-01   8.9493978E-03   79.243  
111   2.7220145E-01    0.000   2.7386953E-01   8.1795125E-03   79.236  
112   2.7220145E-01    0.000   2.7386953E-01   7.4091177E-03   79.235  
113   2.7220145E-01    0.000   2.7386953E-01   7.7795116E-03   79.235  
114   2.7220145E-01    0.000   2.7386953E-01   1.0062810E-02   79.069  
115   2.7220145E-01    0.000   2.7386953E-01   8.2845073E-03   79.055  
116   2.7220145E-01    0.000   2.7220145E-01   7.1089221E-03   79.038  
117   2.7220145E-01    0.000   2.7220145E-01   6.6776043E-03   79.018  
118   2.7220145E-01    0.000   2.7220145E-01   6.6435627E-03   79.009  
119   2.7220145E-01    0.000   2.7220145E-01   6.7904512E-03   78.933  
120   2.7220145E-01    0.000   2.7220145E-01   7.0288890E-03   78.854  
121   2.7220145E-01    0.000   2.7220145E-01   6.4276145E-03   78.846  
122   2.7220145E-01    0.000   2.7220145E-01   5.1545106E-03   78.831  
123   2.7220145E-01    0.000   2.7220145E-01   4.8111008E-03   78.824  
124   2.7220145E-01    0.000   2.7220145E-01   4.2306889E-03   78.817  
125   2.7220145E-01    0.000   2.7220145E-01   4.8235297E-03   78.812  
126   2.7220145E-01    0.000   2.7220145E-01   5.2390436E-03   78.808  
127   2.7220145E-01    0.000   2.7220145E-01   6.0761979E-03   78.802  
128   2.7220145E-01    0.000   2.7220145E-01   6.3001795E-03   78.801  
129   2.7220145E-01    0.000   2.7220145E-01   5.3586732E-03   78.793  
130   2.7220145E-01    0.000   2.7220145E-01   5.1916843E-03   78.780  
131   2.7220145E-01    0.000   2.7220145E-01   4.0835995E-03   78.775  
132   2.7220145E-01    0.000   2.7220145E-01   3.8748353E-03   78.775  
133   2.7220145E-01    0.000   2.7220145E-01   4.1704853E-03   78.745  
134   2.7220145E-01    0.000   2.7220145E-01   3.7489161E-03   78.738  
135   2.7220145E-01    0.000   2.7220145E-01   4.3922842E-03   78.733  
136   2.7220145E-01    0.000   2.7220145E-01   4.7541796E-03   78.719  
137   2.7118390E-01    0.374   2.7118390E-01   4.5709057E-03   78.794  
138   2.7118390E-01    0.000   2.7220145E-01   4.7799888E-03   78.786  
139   2.7118390E-01    0.000   2.7220145E-01   4.8225669E-03   78.775  
140   2.7118390E-01    0.000   2.7118390E-01   4.4462592E-03   78.770  
141   2.7118390E-01    0.000   2.7220145E-01   4.4314415E-03   78.760  
142   2.7118390E-01    0.000   2.7118390E-01   3.8778469E-03   78.760  
143   2.7118390E-01    0.000   2.7118390E-01   3.1764746E-03   78.759  
144   2.7118390E-01    0.000   2.7118390E-01   2.5562314E-03   78.759  
145   2.7118390E-01    0.000   2.7118390E-01   2.6743438E-03   78.755  
146   2.7118390E-01    0.000   2.7118390E-01   3.2706986E-03   78.754  
147   2.7118390E-01    0.000   2.7118390E-01   3.9953226E-03   78.737  
148   2.7118390E-01    0.000   2.7118390E-01   2.7499112E-03   78.736  
149   2.7118390E-01    0.000   2.7118390E-01   2.3427625E-03   78.736  
150   2.7118390E-01    0.000   2.7118390E-01   2.2814149E-03   78.736  
151   2.7118390E-01    0.000   2.7118390E-01   2.3447708E-03   78.716  
152   2.7118390E-01    0.000   2.7118390E-01   2.0862083E-03   78.702  
153   2.7118390E-01    0.000   2.7118390E-01   2.0542052E-03   78.682  
154   2.7118390E-01    0.000   2.7118390E-01   2.2913938E-03   78.682  
155   2.7118390E-01    0.000   2.7118390E-01   2.3703610E-03   78.682  
156   2.7118390E-01    0.000   2.7118390E-01   1.9598812E-03   78.679  
157   2.7118390E-01    0.000   2.7118390E-01   1.3203213E-03   78.674  
158   2.7118390E-01    0.000   2.7118390E-01   1.1708420E-03   78.674  
159   2.7118390E-01    0.000   2.7118390E-01   1.1073803E-03   78.671  
160   2.7118390E-01    0.000   2.7118390E-01   2.1080600E-03   78.666  
161   2.7118390E-01    0.000   2.7118390E-01   2.5329156E-03   78.665  
162   2.7118390E-01    0.000   2.7118390E-01   2.5037522E-03   78.665  
163   2.7118390E-01    0.000   2.7118390E-01   1.9590310E-03   78.665  
164   2.7118390E-01    0.000   2.7118390E-01   1.4831978E-03   78.665  
165   2.7118390E-01    0.000   2.7118390E-01   1.2231994E-03   78.664  
166   2.7118390E-01    0.000   2.7118390E-01   1.0028523E-03   78.662  
167   2.7118390E-01    0.000   2.7118390E-01   8.4827954E-04   78.662  
168   2.7118390E-01    0.000   2.7118390E-01   8.3124865E-04   78.662  
169   2.7118390E-01    0.000   2.7118390E-01   8.6938861E-04   78.662  
170   2.7118390E-01    0.000   2.7118390E-01   1.0939070E-03   78.662  
171   2.7118390E-01    0.000   2.7118390E-01   1.1034209E-03   78.662  
172   2.7118390E-01    0.000   2.7118390E-01   1.0791476E-03   78.662  
173   2.7118390E-01    0.000   2.7118390E-01   1.0077349E-03   78.656  
174   2.7118390E-01    0.000   2.7118390E-01   9.2723040E-04   78.565  
175   2.7118390E-01    0.000   2.7118390E-01   1.0027040E-03   78.565  
176   2.7118390E-01    0.000   2.7118390E-01   1.0431008E-03   78.565  
177   2.7118390E-01    0.000   2.7118390E-01   7.9905359E-04   78.565  
178   2.7118390E-01    0.000   2.7118390E-01   9.6261581E-04   78.565  
179   2.7118390E-01    0.000   2.7118390E-01   8.6595306E-04   78.565  
180   2.7118390E-01    0.000   2.7118390E-01   7.9065601E-04   78.565  
181   2.7118390E-01    0.000   2.7118390E-01   7.6525697E-04   78.565  
182   2.7118390E-01    0.000   2.7118390E-01   7.6405817E-04   78.562  
183   2.7118390E-01    0.000   2.7118390E-01   7.3009305E-04   78.562  
184   2.7118390E-01    0.000   2.7118390E-01   6.8051230E-04   78.562  
185   2.7118390E-01    0.000   2.7118390E-01   5.4874091E-04   78.562  
186   2.7118390E-01    0.000   2.7118390E-01   5.9594617E-04   78.562  
187   2.7118390E-01    0.000   2.7118390E-01   4.2653727E-04   78.562  
188   2.7118390E-01    0.000   2.7118390E-01   3.6441930E-04   78.562  
189   2.7118390E-01    0.000   2.7118390E-01   5.4694142E-04   78.549  
190   2.7118390E-01    0.000   2.7118390E-01   6.5559188E-04   78.549  
191   2.7118390E-01    0.000   2.7118390E-01   5.8305659E-04   78.549  
192   2.7118390E-01    0.000   2.7118390E-01   5.5784712E-04   78.303  
193   2.7118390E-01    0.000   2.7118390E-01   6.0724606E-04   77.981  
194   2.7118390E-01    0.000   2.7118390E-01   6.3873743E-04   77.691  
195   2.7118390E-01    0.000   2.7118390E-01   5.2613319E-04   77.691  
196   2.7118390E-01    0.000   2.7118390E-01   4.0538707E-04   77.691  
197   2.7118390E-01    0.000   2.7118390E-01   4.1986605E-04   77.658  
198   2.7118390E-01    0.000   2.7118390E-01   4.2460925E-04   77.216  
199   2.7118390E-01    0.000   2.7118390E-01   4.4422337E-04   77.098  
200   2.7118390E-01    0.000   2.7118390E-01   4.9567058E-04   76.921  
