x
2.711839e-01
2.711839e-01
2.711839e-01
2.711839e-01
2.711839e-01
2.711839e-01
2.711839e-01
2.711839e-01
2.711839e-01
2.711839e-01
2.711839e-01
2.711839e-01
2.711839e-01
2.711839e-01
2.711839e-01
2.711839e-01
2.711839e-01
2.711839e-01
2.711839e-01
2.711839e-01
2.711839e-01
2.711839e-01
2.711839e-01
2.711839e-01
2.711839e-01
2.711839e-01
2.711839e-01
2.711839e-01
2.711839e-01
2.711839e-01
2.711839e-01
2.711839e-01
2.711839e-01
2.711839e-01
2.711839e-01
2.711839e-01
2.711839e-01
2.711839e-01
2.711839e-01
2.711839e-01
